3,1
3,3
10,160
10,314
10,312
10,134
10,108
10,222
10,16
10,182
11,13
11,19
11,17
8,4
8,8
8,6
8,2
8,3
62,5
62,4
62,3
62,2
62,1
18,1
62,0
61,5
61,4
61,3
18,3
61,2
61,1
14,1
61,0
60,5
60,4
14,3
60,3
13,1
60,2
60,1
13,3
60,0
59,5
59,4
59,3
59,2
59,1
59,0
58,4
58,3
58,2
58,1
58,0
57,5
57,4
57,3
57,2
57,1
57,0
56,5
56,4
56,3
56,1
20,3
20,2
20,1
19,3
2,2
19,2
2,1
19,1
12,3
2,3
12,2
12,1
11,28
11,27
11,26
11,24
11,23
11,22
11,18
11,15
11,14
11,12
11,11
11,10
11,8
11,7
11,6
11,3
11,2
11,1
10,281
10,277
10,267
10,255
10,251
10,246
10,240
10,224
10,219
10,217
10,199
10,188
10,173
10,163
10,133
10,124
10,123
10,122
10,103
10,78
